811557722
811763802
811854042
811863882
811967122
812063502
812077732
812157612
812236342
812245732
812251252
812319302
812460382
812512862
812543822
812575112
812718452
812972162
813117932
813276682
813372622
813495252
813755122
813836572
813866722
813884542
813953072
813959852
814020452
814081362
814526542
814812642
814836312
814861082
814907252
815054822
815180542
815247922
815259262
815274172
815330862
815451562
815484452
815625692
815876032
815897412
815931092
816034272
816162432
816456762
816540712
816572452
816622662
816624622
816675812
816721342
816883032
817110142
817145752
817193072
817421342
817457142
817469442
817611982
817688012
817996612
818039662
818054432
818086822
818112572
818329822
818479042
818666292
818679262
818792212
818983662
819032262
819265682
819346062
819349282
819376492
819460612
819496862
819638942
819666032
819734062
819742502
819785422
819817642
819998892
820155882
820187512
820192982
820214242
820239202
820249682
820349482
820398742
820415132
820445732
820460502
820464842
820488512
820494202
820498232
820569172
820589602
820609492
820674812
820705572
820794672
820841042
820873262
820916492
821045282
821198062
821202582
821224292
821365732
821372232
821408172
821442362
821477972
821507332
821564352
821572622
821635462
821642582
821660572
821668352
821723442
821753112
821775922
821777372
821804582
821804752
821885922
821962382
821996732
822031102
822048242
822102492
822158692
822222692
822249752
822250432
822251102
822328652
822416772
822422632
822581382
822633242
822661882
822675212
822698352
822698832
822712592
822760732
822808972
822833152
822835252
822836682
822845762
822851142
822899552
822920012
822920292
823017022
823036752
823050682
823117892
823154992
823393792
823447302
823555792
823637942
823705042
823845812
823848412
823942192
824029032
824038112
824303312
824310912
824329192
824351112
824352232
824380082
824527482
824574782
824605122
824605262
824632472
824642842
824644772
824772282
824776342
824780412
824811482
824847592
825012192
825067892
825085742
825113282
825174052
825194312
825237682
825268812
825311122
825313672
825380272
825400192
825408142
825471952
825472312
825534822
825535802
825559752
825626662
825655832
825676112
825739572
825750142
825767592
825768912
825818952
825874852
825884572
825893792
825916822
825922202
825924892
825996222
826060522
826193492
826204222
826389362
826441062
826455462
826474912
826476982
826492732
826533552
826551682
826577622
826585242
826610492
826649712
826674822
826705132
826776242
826867892
826928972
826960302
827010022
827043672
827061832
827068322
827088072
827088382
827107522
827119652
827143812
827173312
827177032
827237272
827248932
827261432
827320412
827323802
827367362
827372722
827475912
827485292
827501212
827536962
827538752
827551562
827568422
827611352
827615102
827751812
827761192
827815772
827848042
827879142
827891932
827897582
827908762
827926302
827932442
827943762
827966142
827992992
828051962
828079972
828106392
828165542
828233572
828257382
828260502
828303082
828304712
828309722
828413902
828463632
828489232
828489542
828540602
828612832
828617192
828678132
828830562
828838202
828851772
828856812
828892622
828900102
828965182
828981382
829129892
829178702
829236222
829256762
829337932
829347652
829371782
829417162
829444682
829464322
829543052
829557312
829567032
829725622
829787962
829798042
829910942
829912422
829930382
829932792
829945622
830066942
830114882
830137572
830338802
830341862
830379932
830490612
830617752
830654372
830846182
830850392
830882022
830887202
830917292
830930302
830938982
830981322
831010452
831028262
831051442
831140992
831144262
831160772
831198842
831238682
831407182
831475382
831597542
831694092
831709642
831712902
831717602
831717742
832056332
832238732
832406082
832558842
832952982
833126202
835981002
843025552
843503942
852598972
853073482
854062832
856667022
859528732
861872092
863874432
863939232
866894302
868817232
870935552
876077922
877073602
877391132
879622522
879956382
879971632
880110152
882022412
882441202
882495752
883398262
883913132
885449212
885724892
885977952
886372892
886520972
887392382
888529322
888816062
888948422
889099992
889112352
889208112
889227192
890045952
890056172
890146422
890316662
890424872
890824722
890845312
890993192
891286732
891401752
891537662
891756372
892758042
892844852
893884882
893910492
893930752
894231432
894382082
894386142
894459972
895117552
895397342
895685402
895723452
895729612
896021842
896294482
896400622
896402102
896445472
896548042
896821202
896901702
897067072
897362422
897635062
897870312
898038912
898098842
898250822
898268322
898433242
898642712
898848132
898939952
899141172
899156692
899174062
899277392
910755544
911548100
911564289
911567016
911569663
911570327
911572052
911582406
911583569
911593564
911596245
911617498
911622971
911639319
911673037
911698749
911701294
911713233
911718448
911728133
911736306
911739348
911744708
911759829
911790319
911790459
911827999
911837064
911850931
911856212
911868628
911899043
911903148
911905507
911917483
911956535
911959402
911962322
911986809
912001245
912005844
912024237
912047962
912057887
912063089
912065545
912067610
912071553
912076016
912076296
912077926
912079562
912080528
912091686
912100138
912112772
912114309
912117863
912121461
912124762
912128105
912162052
912163881
912171493
912220486
912262103
912268101
912272028
912287815
912287890
912300552
912304043
912342352
912371840
912379175
912384152
912413381
912415384
912420000
912435709
912438058
912456951
912459071
912468437
912469018
912470199
912490890
912506223
912532437
912537706
912538885
912544699
912562980
912563340
912569489
912569519
912589749
912644286
912646165
912672794
912685780
912699706
912699781
912715868
912716457
912720225
912760723
912802213
912813827
912828964
912840999
912846482
912856526
912895130
912900568
912902609
912970957
913010132
913010167
913011872
913017633
913025636
913048628
913054180
913062264
913062337
913063260
913075056
913082311
913129490
913146476
913152042
913157575
913163524
913168496
913175603
913185323
913206304
913212673
913221893
913227867
913235479
913246500
913257405
913259130
913259920
913264991
913266099
913266315
913269276
913278585
913292340
913299019
913307062
913314158
913317815
913320204
913341856
913342534
913406117
913408195
913408829
913433203
913434692
913441257
913442415
913462416
913464362
913471997
913484797
913492110
913499751
913508149
913508556
913510356
913511484
913515218
913518225
913522672
913537203
913551656
913552474
913566084
913569229
913573064
913573706
913579658
913594061
913598326
913601742
913628780
913633466
913635248
913639073
913640489
913641582
913651715
913685857
913690052
913702301
913715888
913752325
913753313
913771141
913800567
913816196
913818725
913826299
913840585
913845293
913858611
913859049
913862309
913881389
913882938
913892135
913903390
913914929
913918444
913934296
913939107
913941853
913943538
913944496
913958403
913958802
913972902
913980808
913989899
913991648
914005930
914007534
914011779
914021383
914034957
914039827
914046580
914063175
914065534
914067200
914067324
914074037
914083346
914083508
914085004
914087392
914103983
914109493
914110432
914119391
914126851
914134226
914155665
914155711
914156114
914168546
914174414
914191599
914207622
914213657
914215897
914217180
914231337
914236304
914253586
914275695
914277906
914288843
914303966
914320844
914322162
914368235
914368650
914384427
914398029
914415195
914422442
914428920
914446228
914446309
914458536
914459117
914460891
914464323
914467241
914475155
914486661
914492866
914497221
914498422
914510287
914511496
914564972
914577861
914582636
914583659
914585406
914585457
914594936
914600677
914605202
914609364
914617049
914624800
914631246
914732913
914736595
914740452
914741610
914746256
914752825
914756782
914759757
914761212
914797624
914821258
914824001
914826268
914830257
914831024
914838762
914844606
914846404
914847672
914849373
914858321
914863090
914867010
914868912
914872731
914882680
914884632
914891981
914903815
914908280
914927986
914939321
914947235
914980100
914995469
915018254
915027636
915037550
915042058
915043372
915052738
915066046
915073115
915073344
915073921
915079652
915095801
915096786
915100570
915101275
915102832
915110037
915135331
915158617
915162258
915166733
915189962
915209114
915210120
915228186
915235336
915258352
915261205
915264131
915280978
915289266
915306659
915313582
915326153
915330975
915331270
915336876
915341535
915344313
915388337
915407900
915424651
915427766
915433359
915441548
915442862
915445357
915446108
915460828
915470262
915475124
915479413
915488021
915489273
915491952
915516122
915518893
915519814
915528694
915541585
915541704
915547796
915549268
915553419
915575854
915579507
915582060
915593267
915593291
915596711
915600360
915607802
915652050
915658326
915665462
915671004
915676561
915677274
915690238
915692192
915704700
915716636
915722350
915724353
915727905
915734626
915738206
915742874
915761720
915766056
915781446
915798888
915801374
915807356
915817742
915832296
915834094
915835686
915836216
915838111
915845193
915852416
915879950
915908276
915912478
915918298
915919987
915920012
915927106
915930050
915933114
915933386
915959911
915967191
915968570
915998917
915999530
916006489
916030169
916035713
916045190
916075669
916076924
916097905
916121873
916122047
916122497
916130317
916137583
916143400
916162146
916163053
916163398
916201273
916203098
916207433
916210620
916211198
916218214
916218338
916222688
916229518
916256337
916267975
916268793
916285310
916291116
916300433
916332319
916332831
916343396
916361521
916363079
916371551
916462549
916469012
916495110
916498209
916498837
916511787
916546114
916551312
916557310
916568711
916570325
916571275
916579004
916579268
916584687
916585756
916602146
916602715
916602944
916604564
916607571
916609574
916610009
916614853
916618867
916619804
916623917
916625286
916637454
916647751
916650868
916657293
916658079
916660545
916677081
916677898
916688474
916690738
916699301
916706367
916706960
916708939
916711247
916713428
916715994
916722397
916728522
916734867
916751427
916752857
916761945
916762437
916767811
916777205
916778929
916786778
916797087
916805152
916805756
916817606
916823800
916823835
916824025
916824874
916825005
916826222
916844905
916859198
916861923
916866755
916870345
916874200
916917643
916929080
916935463
916937520
916939728
916944764
916944896
916946007
916947615
916952465
916959435
916969449
916990065
916996330
917001111
917004927
917009384
917012458
917018162
917035083
917035946
917037337
917062498
917065829
917095019
917099502
917107009
917117926
917177899
917191913
917205949
917215782
917217122
917229112
917230633
917236992
917239320
917244529
917248419
917253951
917260176
917262993
917274967
917276552
917314446
917320055
917338205
917338361
917338485
917338604
917338892
917339988
917343136
917362548
917390681
917394636
917398372
917400555
917420572
917425361
917425590
917429499
917438277
917443009
917448612
917448841
917456291
917459258
917472165
917474605
917476462
917480443
917484260
917485984
917487065
917490929
917494436
917499829
917504482
917528985
917530882
917533075
917535302
917537208
917537496
917537682
917552266
917567263
917567360
917569312
917570205
917571171
917572224
917573921
917590230
917592179
917593183
917593493
917613028
917616418
917631085
917631425
917632472
917635323
917637776
917637865
917648336
917649952
917682437
917683883
917685541
917686459
917687307
917687757
917693137
917702225
917717230
917723508
917730717
917732485
917739307
917742790
917763127
917766363
917790507
917794162
917795894
917797552
917834326
917837740
917841098
917852812
917856990
917859655
917863695
917873631
917887438
917896216
917896658
917897018
917897298
917898987
917921202
917921695
917947732
917949786
917955743
917958572
917960992
917965366
917965951
917968357
917968829
917971560
917988390
917989826
917989923
917994781
917997918
918005994
918025448
918028900
918033327
918039384
918054820
918063404
918064745
918064877
918068791
918070028
918091696
918098798
918103988
918109498
918112324
918116192
918121110
918124527
918136029
918138277
918143440
918144765
918148094
918149910
918166726
918174842
918191526
918191720
918192832
918267085
918271570
918278664
918278729
918295313
918296085
918311742
918322094
918326073
918327266
918332324
918358587
918359621
918366350
918368949
918370161
918374485
918378936
918402802
918408819
918411275
918415823
918417001
918422013
918433740
918440356
918451803
918454810
918459081
918463127
918464239
918464972
918467319
918471200
918478434
918478701
918481540
918487875
918495053
918495541
918503358
918510648
918522751
918523057
918535780
918542833
918545980
918547630
918554513
918554890
918560025
918562850
918563059
918573763
918576193
918580999
918589414
918590374
918590978
918591044
918595147
918601732
918601872
918603107
918604030
918604707
918613609
918638407
918654569
918655573
918658491
918662715
918665803
918674365
918678360
918689419
918692517
918696873
918700633
918708693
918711864
918712364
918718648
918718672
918744630
918744770
918744843
918762760
918766979
918767649
918771727
918771972
918779051
918781560
918783768
918785914
918787321
918805354
918810013
918815570
918823034
918828923
918830464
918841482
918858458
918858563
918859063
918859071
918859209
918859454
918860630
918860711
918868992
918872264
918872396
918884327
918886672
918887490
918923772
918924442
918924523
918932496
918939555
918954724
918961917
918991255
919002123
919004746
919026847
919027312
919030151
919036478
919036524
919050578
919059338
919059427
919060808
919063211
919084456
919116250
919120584
919141719
919156872
919165707
919167580
919173017
919179643
919181540
919194685
919196521
919198966
919199725
919202998
919229217
919232315
919233133
919252944
919278625
919288965
919289333
919290862
919293314
919293519
919294922
919296208
919303980
919305347
919324309
919331127
919334037
919335327
919336501
919356022
919364947
919365099
919371463
919371471
919371536
919376074
919389524
919414936
919417307
919419032
919419792
919424117
919425377
919429739
919443960
919456957
919469498
919470534
919473762
919481668
919486066
919487070
919494913
919496363
919496452
919527447
919528761
919529091
919544872
919559519
919563230
919563648
919572183
919572310
919580011
919581867
919587091
919592028
919592362
919602457
919627190
919637714
919658452
919663324
919663723
919664657
919665653
919665858
919666439
919666854
919674466
919697237
919707062
919708964
919716932
919722355
919725427
919726563
919726768
919727896
919731575
919732113
919739886
919740345
919741570
919746084
919777524
919779616
919788488
919790555
919813695
919815086
919825774
919854855
919855371
919869534
919884657
919890053
919895284
919897678
919899328
919910321
919912154
919915544
919922583
919928719
919936134
919941847
919948159
919948213
919951575
919972696
919982667
919998008
920007856
920013368
920023541
920024440
920026338
920033555
920034136
920042473
920043216
920051014
920055885
920056156
920124542
920129692
920131360
920141072
920153224
920169058
920169716
920206069
920206522
920208274
920209734
920216692
920228224
920230954
920232957
920233252
920243371
920244238
920244602
920251110
920251307
920251668
920254926
920256139
920259332
920259693
920261310
920262082
920285244
920287255
920288995
920296432
920313191
920314600
920315070
920319130
920326099
920329284
920336434
920337880
920341950
920349536
920356028
920357954
920368565
920380166
920384803
920392113
920394078
920398715
920398774
920410537
920416055
920417566
920418309
920418848
920419100
920426174
920427219
920430767
920439276
920440886
920441033
920442390
920442854
920445853
920450350
920451314
920452108
920458408
920462316
920463290
920465889
920468152
920469272
920472478
920475558
920485839
920491316
920492681
920494846
920502261
920502415
920502873
920503675
920512836
920513948
920531296
920534589
920538401
920538525
920546862
920548989
920565611
920566235
920572871
920574734
920589766
920589936
920591205
920592368
920597033
920599230
920612466
920625401
920626068
920630952
920631533
920641903
920646425
920649335
920652735
920653901
920662609
920673554
920674682
920674917
920675050
920687407
920689752
920694438
920701795
920702171
920705456
920708463
920714897
920720773
920722725
920726275
920728898
920732224
920734014
920743382
920747604
920749674
920750869
920775969
920778186
920794076
920794300
920797865
920799884
920805264
920810470
920815839
920819915
920824676
920826113
920827543
920841627
920844138
920848281
920848389
920851479
920851797
920853447
920854796
920860850
920871127
920873502
920874002
920879837
920883915
920884504
920889530
920895670
920898785
920915019
920915302
920916724
920917909
920924395
920929486
920930514
920934420
920934609
920937152
920940056
920947565
920953468
920961754
920987125
921000170
921019068
921046324
921057296
921066872
921075421
921076711
921076983
921087667
921088752
921092822
921095139
921100922
921105371
921109423
921110448
921118376
921126093
921129858
921130406
921147465
921148771
921160259
921160933
921162898
921165870
921166885
921166923
921171234
921176376
921176481
921177364
921177585
921178646
921181558
921182252
921182554
921185987
921186762
921188102
921190220
921197209
921197225
921200218
921200935
921208332
921216912
921218001
921226535
921228724
921237782
921244681
921244797
921245300
921251416
921252978
921260105
921267436
921268300
921269536
921269994
921276273
921276729
921276788
921283679
921297424
921297564
921298919
921320930
921331223
921332033
921342675
921342934
921352034
921352247
921369441
921373686
921398174
921400659
921407297
921416032
921422482
921429509
921446454
921456875
921457391
921467362
921470517
921473044
921480067
921480199
921482078
921507445
921511078
921513518
921513887
921518072
921518145
921527780
921530234
921533993
921534760
921541384
921543298
921551908
921554605
921557779
921558996
921564252
921565003
921566263
921566387
921569653
921570864
921576544
921583052
921583443
921589409
921593465
921595166
921595581
921605048
921607415
921609248
921619715
921630549
921635486
921638450
921638477
921640641
921644094
921646887
921657099
921658362
921659113
921662831
921664346
921664788
921665016
921667205
921668449
921669240
921681992
921690886
921691300
921692250
921693494
921693931
921695543
921696108
921696892
921700032
921714602
921716842
921717016
921726546
921731892
921736258
921744838
921750978
921752962
921761236
921766416
921780869
921789009
921790309
921792131
921803532
921813198
921817878
921820534
921823045
921833016
921837054
921845189
921859945
921861559
921861877
921862474
921863470
921863683
921876513
921884184
921886470
921889372
921890613
921892837
921903049
921955405
921955863
921956959
921960379
921961421
921985665
921991754
922020639
922021821
922025479
922025665
922026106
922032432
922048215
922060436
922062900
922063427
922066620
922078734
922082898
922089914
922090335
922090807
922090823
922093563
922097909
922098859
922098972
922100144
922106045
922106681
922113653
922114870
922117837
922122806
922133557
922133565
922148562
922150486
922154503
922154848
922157294
922158045
922160317
922164819
922166862
922168857
922169853
922170878
922171858
922173206
922173516
922177449
922182264
922183074
922183473
922184879
922185271
922190240
922191166
922194769
922205426
922216509
922218579
922219346
922237204
922238510
922241333
922244340
922244901
922245010
922251355
922253293
922254710
922260397
922283826
922293546
922310211
922320551
922329605
922330565
922331669
922331995
922332320
922336237
922344582
922347948
922352399
922352402
922353700
922363668
922364079
922374635
922393605
922396000
922404712
922424411
922425868
922431469
922432465
922434751
922434999
922531846
922537836
922538174
922546584
922549109
922561818
922581193
922585296
922588325
922597995
922609187
922622701
922623007
922645272
922645493
922656142
922661588
922661634
922664811
922666075
922667039
922674191
922676534
922688907
922689385
922689687
922692734
922694222
922698457
922698546
922699372
922699607
922703167
922703701
922704155
922704198
922704791
922706654
922706816
922707111
922707138
922707154
922707278
922708754
922712069
922712395
922713537
922718598
922718679
922723990
922725152
922736812
922741557
922750149
922756171
922759324
922759588
922761086
922766053
922766169
922769958
922772746
922774080
922789037
922789843
922790000
922790086
922809232
922820589
922820864
922829799
922832870
922847630
922851980
922852944
922865574
922875103
922884285
922886385
922899193
922899525
922904944
922907129
922919887
922920117
922926263
922926913
922937826
922947678
922948771
922948941
922955239
922955379
922956030
922956278
922960119
922962243
922970610
922981442
922981914
922984476
922987556
922989052
922989559
922993610
922994269
922997268
923008780
923017984
923030735
923030956
923048200
923052186
923052518
923068171
923070451
923077553
923095497
923101535
923104836
923105379
923111026
923118659
923122478
923123199
923130969
923131523
923138242
923147349
923150552
923155570
923162275
923162860
923165835
923171401
923171428
923174222
923174265
923175865
923176810
923185542
923185755
923198393
923202226
923202579
923205985
923207023
923219404
923219528
923219676
923230920
923231102
923232281
923241116
923241531
923241566
923241876
923244808
923255451
923255680
923256032
923258280
923271716
923298746
923314369
923314881
923316108
923316639
923324399
923325077
923345388
923347577
923353909
923354417
923359311
923359427
923361545
923361898
923363335
923365060
923368280
923377778
923379428
923379681
923381406
923387102
923389512
923398465
923415378
923416595
923417575
923446451
923449213
923449698
923454489
923457860
923459138
923463240
923471766
923471944
923474641
923477519
923483934
923487999
923494200
923533532
923535101
923535713
923558624
923563792
923566759
923567690
923568530
923578242
923578528
923592326
923592660
923594264
923595465
923602607
923602968
923603190
923606750
923617183
923634096
923650156
923656375
923661263
923664319
923677739
923683909
923685286
923701532
923703500
923705368
923706747
923713352
923717323
923719628
923720138
923726179
923748717
923755039
923756167
923756531
923758917
923759697
923762205
923766391
923767401
923773460
923774505
923778780
923779337
923785752
923792953
923795340
923798528
923801375
923804331
923806318
923806679
923807667
923808442
923814469
923817646
923818189
923818324
923818464
923824391
923833633
923836624
923838600
923848762
923850767
923851526
923853553
923856854
923857273
923860983
923930175
923936750
923940227
923940677
923941428
923942572
923950257
923959076
923974660
923981462
923991093
923996761
924002905
924005017
924011459
924013486
924014784
924027339
924046732
924089377
924115858
924190310
924190906
924191449
924191589
924198982
924210087
924210370
924210516
924271248
924275774
924284854
924293500
924298138
924312556
924324554
924324783
924328703
924328878
924329718
924330090
924332832
924357509
924357827
924359293
924367059
924370734
924382368
924382376
924387491
924393769
924400803
924412658
924415355
924419598
924420456
924427752
924429119
924430478
924436840
924447141
924452226
924453575
924459298
924467215
924471328
924471336
924471344
924471565
924478454
924478918
924480157
924481692
924488786
924489464
924489758
924490683
924494107
924496746
924498897
924500891
924502568
924506822
924511974
924515074
924518839
924519908
924522887
924528494
924531282
924532998
924542349
924542985
924548975
924549211
924550082
924557176
924559470
924567333
924571667
924571705
924578246
924580852
924581646
924585390
924589973
924597305
924597623
924597895
924597925
924599359
924600802
924612762
924613084
924616555
924619023
924621648
924643412
924657944
924658061
924659033
924659149
924659335
924663669
924665599
924670886
924673648
924674083
924674679
924677104
924677406
924680954
924682272
924689803
924696729
924698896
924701250
924707089
924716533
924717610
924721790
924726083
924726849
924727195
924730439
924731877
924734086
924752025
924754397
924760303
924763361
924764228
924765429
924766921
924768274
924768983
924769262
924775815
924776137
924777168
924777265
924777419
924778423
924782633
924790377
924790415
924791918
924792329
924811811
924824204
924824581
924824751
924828331
924832495
924845406
924845554
924846879
924848308
924851376
924854278
924860898
924867817
924869364
924869798
924881194
924889497
924892145
924893109
924897708
924907126
924910054
924910224
924911263
924911425
924911743
924920505
924922044
924925000
924925469
924926147
924926279
924950102
924958065
924962348
924971053
924977779
924978880
924984333
924985291
924985453
924985550
924985763
924992026
925016985
925025895
925027634
925028614
925040592
925047503
925052906
925054119
925054305
925055220
925059129
925065560
925067555
925072311
925072532
925082473
925082880
925107131
925107808
925111287
925123331
925124109
925128953
925129305
925130435
925136034
925143243
925147990
925151912
925153354
925157236
925159875
925173274
925173940
925174033
925174696
925176524
925177334
925177679
925178896
925181110
925181838
925183008
925183210
925195960
925199265
925199931
925201162
925207144
925207969
925216771
925217417
925217905
925221368
925224731
925232076
925233455
925237086
925238880
925239992
925240311
925244309
925247901
925250260
925250376
925251755
925255327
925259284
925261939
925269425
925269921
925272108
925272361
925273066
925274712
925282901
925286974
925287296
925288519
925289043
925294098
925302155
925302953
925305863
925311553
925312274
925321052
925321850
925321974
925322350
925322946
925324728
925327999
925332062
925337218
925342580
925344788
925347566
925359823
925361445
925361720
925362670
925374520
925375136
925379107
925385751
925385786
925386359
925387010
925390410
925401188
925402168
925402729
925403245
925408751
925410187
925416584
925416754
925416835
925419567
925424455
925429732
925430277
925436712
925445967
925446688
925447099
925452459
925452971
925453714
925456594
925473073
925473626
925496243
925500003
925505552
925509612
925509914
925510939
925512516
925528498
925529540
925531405
925531715
925535699
925540226
925540552
925542881
925546593
925546844
925553581
925554340
925554405
925554456
925558710
925559806
925560472
925566861
925567264
925567299
925570168
925572608
925580430
925581461
925582743
925582999
925584509
925590568
925590754
925590789
925590908
925590916
925597295
925597430
925597724
925597821
925597856
925597945
925598216
925601330
925601675
925601721
925602418
925602779
925603775
925608289
925608866
925609870
925614815
925614998
925615684
925627534
925628840
925628875
925629324
925636258
925638919
925654248
925655813
925656674
925656909
925668079
925677663
925680230
925687464
925697001
925700835
925703028
925703575
925703893
925705012
925705209
925707554
925711721
925720836
925723738
925729760
925739723
925740535
925740594
925747327
925747947
925748056
925750743
925751278
925751979
925752118
925752258
925756164
925757926
925768278
925776130
925777382
925777838
925781525
925782742
925791466
925793566
925795496
925795569
925795690
925800597
925801305
925803693
925808393
925808806
925811319
925811718
925814016
925814520
925814768
925816736
925817872
925820806
925820814
925821942
925826146
925827150
925833045
925838098
925842133
925846821
925847208
925854700
925854735
925855022
925856029
925856134
925869112
925875368
925876127
925877263
925880299
925880485
925884510
925894680
925895814
925896519
925897221
925898368
925900664
925901628
925902616
925902845
925905186
925905232
925908657
925913715
925918385
925922072
925947377
925948306
925962708
925966266
925971111
925974307
925976512
925979325
925985503
925985740
925985805
925991465
925996424
926007238
926007947
926008013
926009516
926009885
926015648
926015680
926016024
926017616
926020986
926031651
926032496
926044036
926044818
926051164
926051407
926054805
926060554
926061291
926064029
926067982
926069365
926074156
926076345
926076450
926078917
926079611
926084178
926085026
926085905
926088637
926094521
926112635
926112945
926114212
926118234
926119354
926119508
926119710
926119990
926126873
926128868
926131729
926134655
926138006
926139754
926142046
926145320
926147161
926156179
926156454
926168061
926177508
926178482
926182897
926186825
926192027
926194798
926194860
926195972
926197983
926203592
926203800
926275771
926282743
926285637
926286145
926304925
926311050
926311433
926311921
926317539
926317547
926318446
926319302
926319930
926325167
926325213
926335006
926335235
926335421
926341715
926345192
926348108
926353519
926367765
926367781
926370626
926370669
926370960
926373358
926381458
926381482
926382586
926382888
926390511
926390686
926390880
926390902
926398474
926402145
926402323
926404571
926408682
926410261
926416642
926416898
926416944
926417630
926418343
926418645
926425501
926426427
926432354
926434543
926436619
926440411
926440853
926441280
926447238
926449184
926449923
926452967
926454285
926454455
926455842
926462539
926462571
926473921
926490346
926490567
926492101
926492225
926504401
926505416
926516809
926524240
926524690
926525689
926525867
926526057
926527983
926533711
926533959
926534653
926537768
926542133
926543148
926543776
926552813
926559885
926562088
926562908
926565281
926571389
926574981
926578421
926578448
926578707
926590928
926597590
926600664
926609661
926611879
926623400
926627511
926628100
926629352
926643711
926644947
926646257
926646389
926646966
926650750
926676563
926679546
926680374
926680676
926680773
926681877
926689037
926695339
926696122
926696548
926706403
926714503
926715186
926715771
926716050
926716549
926717340
926723928
926723936
926724223
926724339
926726048
926726552
926733613
926734342
926736051
926743430
926744127
926744895
926756796
926765159
926767267
926767526
926767720
926776800
926776819
926781944
926782932
926788345
926789082
926789171
926798502
926798979
926799150
926807587
926808494
926818082
926818791
926819739
926820494
926821199
926827715
926830449
926837605
926839128
926839713
926840452
926843125
926848755
926849239
926850210
926858858
926858920
926859196
926868055
926870068
926874691
926875604
926876244
926876988
926886282
926886509
926887831
926900056
926900625
926907999
926910825
926934112
926941259
926960350
926962485
926962582
926969498
926970771
926979817
926998870
926999001
927002000
927002574
927007398
927009307
927011948
927014432
927019248
927025620
927032325
927033933
927034905
927034980
927035723
927043599
927056402
927057506
927060124
927062917
927064472
927068923
927074060
927075059
927075091
927075512
927083981
927084171
927084694
927089424
927089920
927093693
927095068
927095289
927102218
927102587
927110075
927112906
927120348
927124173
927124890
927125617
927126222
927128225
927132354
927135183
927135647
927140373
927142996
927143828
927150964
927151723
927151855
927152096
927152908
927153114
927155192
927158906
927168030
927168634
927168774
927168863
927173255
927177129
927179253
927179539
927180685
927181460
927185660
927186284
927186500
927187426
927189577
927194457
927198797
927208911
927209837
927210614
927210878
927211092
927212706
927212994
927213877
927215985
927216213
927220067
927220695
927224593
927232324
927237490
927238101
927238675
927239345
927240262
927240971
927245914
927246155
927246406
927247151
927247534
927248913
927250543
927256096
927257173
927261391
927270064
927298988
927300540
927317192
927322846
927328550
927331993
927337452
927342049
927343894
927345536
927346680
927346931
927356902
927364603
927364786
927369494
927371782
927377519
927378795
927382490
927383977
927385678
927385988
927386143
927388499
927388995
927390531
927392798
927396041
927396130
927399482
927402629
927403404
927403595
927404265
927405687
927409224
927409704
927410192
927410230
927410389
927414511
927425351
927425793
927428474
927430347
927430908
927431157
927431483
927434903
927435012
927436280
927438895
927446677
927447916
927447991
927451956
927451964
927452251
927458888
927475227
927475243
927477033
927480433
927481537
927482371
927484137
927484331
927485311
927485532
927486717
927487802
927491583
927492679
927494787
927495082
927503824
927504987
927508400
927514443
927516047
927516403
927517930
927520028
927523507
927527715
927528401
927530902
927536668
927538059
927540029
927544180
927544237
927558742
927562731
927565706
927575477
927577097
927578379
927586819
927587262
927593335
927595842
927596075
927598248
927605147
927606747
927608774
927609363
927609673
927613182
927616416
927626853
927639149
927650576
927656094
927656450
927656477
927657635
927658593
927659182
927661721
927662175
927662647
927671166
927678160
927691574
927691817
927697505
927702029
927702835
927703289
927703351
927705249
927707977
927718375
927729415
927731096
927732963
927733439
927734087
927759551
927762374
927782073
927789647
927802503
927808420
927808846
927810050
927815788
927817497
927817675
927817799
927819902
927825538
927828731
927830299
927830302
927833360
927833522
927833794
927833905
927844656
927851075
927855550
927858843
927878925
927879697
927889218
927891301
927895927
927896702
927899000
927899647
927901676
927922193
927926601
927927039
927928507
927929570
927934388
927937263
927937700
927939312
927941821
927944472
927958333
927958724
927958864
927960419
927961180
927965186
927965208
927965801
927971259
927973359
927976862
927977648
927980746
927984180
927986582
927990296
927991632
927995425
927997649
927998181
928001989
928002527
928027430
928030709
928033147
928033422
928034615
928036235
928037126
928037576
928044521
928045110
928056945
928057739
928058654
928059197
928059901
928063607
928065987
928070336
928070743
928071030
928077985
928085082
928085813
928086216
928091708
928095185
928100855
928104982
928107078
928107353
928109291
928111334
928115631
928119645
928119734
928120724
928123979
928128423
928128547
928128814
928130665
928131130
928134261
928134814
928137376
928146510
928150992
928152715
928154939
928160238
928164284
928165884
928166880
928167070
928167127
928167267
928177637
928178528
928182908
928183386
928185753
928186296
928192911
928195333
928199789
928199975
928200957
928204162
928204839
928214435
928222179
928226786
928228169
928228584
928232646
928233472
928233618
928235041
928235300
928235432
928235580
928236528
928237079
928237753
928254313
928257614
928261506
928264475
928266052
928266389
928267296
928274209
928283887
928305902
928306593
928310639
928323099
928332195
928336131
928351769
928407861
928407950
928411060
928411206
928414426
928416569
928422682
928424766
928437655
928442527
928446360
928457877
928459047
928459209
928459373
928459578
928462080
928462633
928463567
928463648
928467589
928468569
928468879
928468968
928469166
928483355
928483886
928486931
928487563
928487628
928487636
928487687
928490599
928491838
928501663
928501868
928518663
928518892
928521893
928522393
928522423
928523365
928524833
928526410
928527859
928530167
928533115
928540243
928540677
928547795
928552640
928557235
928558789
928558800
928573052
928573230
928575586
928575624
928575918
928582388
928591956
928594858
928595234
928595676
928601447
928602532
928603474
928603725
928604608
928609952
928612635
928612724
928613070
928613186
928613208
928613259
928617262
928624714
928625044
928625532
928626008
928627462
928628450
928633667
928635384
928636860
928638413
928644219
928644529
928644723
928652475
928652904
928655725
928659623
928659690
928659844
928664287
928664317
928678008
928678180
928680002
928682269
928683931
928688283
928689565
928691861
928702138
928705838
928713466
928720721
928720926
928725170
928725421
928725472
928734730
928737624
928738043
928738272
928738442
928738469
928750027
928750620
928752712
928754510
928754650
928755177
928764060
928764842
928764869
928764923
928769925
928772063
928772853
928775321
928775909
928775925
928776387
928776697
928779335
928780139
928783162
928784150
928785904
928786730
928792722
928792870
928792978
928795713
928804747
928821617
928825167
928825191
928826821
928834999
928835510
928838463
928846792
928847985
928849368
928849996
928857336
928857549
928857573
928858367
928867056
928869644
928871606
928881857
928886409
928891070
928892263
928899497
928901440
928901599
928913511
928920984
928921093
928923045
928924084
928924491
928925749
928932605
928939359
928940284
928947653
928947661
928947858
928949915
928957098
928960129
928962881
928964000
928965724
928987574
928988872
928989062
928997227
928998606
928998878
929000137
929017641
929020855
929022009
929022173
929026004
929027019
929027663
929028503
929028678
929031121
929035577
929037979
929038444
929045408
929047540
929051459
929054199
929055799
929055977
929059816
929059956
929065026
929068475
929070925
929074165
929074300
929082265
929082613
929082656
929086015
929090489
929092821
929104161
929107039
929111095
929112806
929119843
929122356
929128877
929132785
929135555
929148126
929148878
929149548
929150384
929151046
929151410
929151542
929152522
929154258
929155165
929156307
929158083
929164660
929165144
929165969
929168887
929169921
929178629
929184602
929184866
929186265
929186702
929194276
929195027
929199693
929200012
929201728
929201817
929208145
929209788
929215893
929216113
929216466
929217306
929222237
929228715
929228901
929229290
929230965
929233662
929234219
929235886
929254031
929255445
929262360
929266609
929266862
929275470
929284356
929287959
929288890
929289730
929295196
929298071
929303008
929306457
929311744
929312325
929313976
929314999
929316738
929316754
929321464
929325249
929333543
929334957
929336364
929339290
929339738
929346289
929350790
929354281
929354370
929362675
929364295
929364570
929364996
929367286
929368282
929372565
929372867
929376528
929376676
929376714
929376730
929379403
929384989
929385594
929389387
929397185
929401069
929401425
929401514
929405609
929411552
929412788
929415388
929417550
929418077
929418611
929421191
929429508
929429583
929434196
929434625
929445066
929449746
929450388
929453557
929453581
929455312
929456769
929461754
929465202
929468465
929469232
929473124
929474864
929475518
929479130
929480163
929480465
929482034
929482808
929489748
929490827
929493990
929495217
929499751
929500598
929501217
929501780
929502884
929505808
929507681
929509749
929513150
929529359
929529537
929537130
929540859
929542592
929542983
929543491
929547187
929547470
929548337
929548582
929549287
929558863
929562844
929565053
929565711
929568176
929568575
929569415
929575911
929576683
929578007
929579550
929582802
929586867
929590791
929594797
929595076
929596501
929597494
929602900
929608011
929608348
929608542
929611748
929620356
929623843
929625439
929627342
929631838
929631978
929647521
929647807
929648994
929654595
929658698
929669649
929669770
929676394
929679741
929685636
929686241
929694120
929694821
929700503
929700619
929702115
929719905
929720458
929722477
929735765
929737024
929740246
929749472
929758005
929759788
929766113
929779878
929787889
929795687
929803124
929814401
929814797
929821998
929824164
929827716
929829123
929832906
929840887
929841530
929843428
929846796
929847407
929861639
929874692
929877705
929881893
929889193
929910990
929911466
929929896
929932919
929933648
929939247
929939778
929939840
929940083
929941926
929943589
929944763
929954602
929958500
929958691
929964756
929964942
929974794
929977688
929977769
929979028
929986164
929992474
930004618
930007730
930009628
930010529
930012335
930016268
930016543
930016683
930023876
930032298
930053805
930058041
930060933
930065412
930076783
930077364
930085103
930086061
930086126
930086177
930087793
930088412
930089915
930092002
930094668
930094943
930109266
930110892
930117196
930119776
930124427
930126462
930138134
930145521
930145947
930153842
930155748
930156485
930158674
930159719
930159808
930159832
930161470
930162515
930163554
930163694
930163872
930166405
930167126
930167401
930167789
930168017
930170585
930176907
930177679
930177695
930179736
930179949
930180289
930180726
930190551
930192759
930193313
930213195
930226505
930231916
930235849
930271853
930282251
930284068
930289485
930307300
930313173
930314064
930317063
930318957
930319929
930320250
930339571
930341290
930344389
930345695
930352241
930354031
930355968
930359912
930385018
930386685
930458163
930460850
930461741
930467316
930469513
930470023
930473138
930476625
930477672
930485667
930485853
930498831
930519480
930519898
930564931
930565016
930572527
930579327
930579467
930581844
930594024
930594547
930595306
930596353
930605530
930609811
930612030
930630136
930633976
930636703
930639788
930642649
930654361
930658774
930659614
930660914
930661198
930662925
930680508
930682276
930682837
930690023
930690961
930697745
930698547
930702420
930707562
930715255
930716707
930717029
930717819
930718483
930719013
930727334
930740365
930741248
930743313
930750190
930772100
930772836
930774162
930774235
930774456
930774553
930780987
930781169
930781584
930785547
930789666
930800538
930801453
930807494
930807818
930807893
930808482
930808490
930810630
930815845
930815942
930816035
930816752
930819417
930826499
930841587
930843458
930852260
930854522
930859168
930884707
930887668
930894591
930899151
930916730
930916838
930925128
930929026
930936502
930939501
930940364
930942243
930943193
930946613
930955582
930963526
930964808
930966312
930973823
930982709
930983357
930983403
930985732
930991902
930994391
931001043
931003461
931009265
931024167
931065874
931067753
931070320
931103865
931122401
931122827
931123726
931125109
931125354
931126512
931136569
931138987
931141732
931142259
931145975
931146238
931147552
931147617
931163485
931163582
931163809
931166654
931175777
931181866
931184059
931203169
931205404
931210262
931221183
931224999
931225189
931229265
931229524
931247115
931252917
931307258
931307320
931331442
931347497
931350005
931351451
931357573
931364294
931365940
931369385
931374184
931376624
931408224
931417223
931422073
931422405
931432958
931433253
931440578
931447998
931467727
931467964
931468456
931480103
931502484
931505564
931507168
931511912
931518372
931531433
931540017
931572938
931574078
931581813
931584189
931584545
931615106
931616358
931617907
931625624
931639463
931641190
931646370
931648578
931671278
931691155
931694219
931695800
931700596
931703463
931706128
931710796
931715089
931722492
931725408
931729454
931733982
931735101
931750984
931754963
931779001
931779192
931805010
931806521
931832131
931832158
931846213
931887092
931910817
931914626
931915819
931944258
931944428
931964674
931976745
931977776
932016834
932021706
932022222
932037149
932047012
932049783
932072203
932077892
932082225
932104016
932122936
932134063
932135418
932164221
932177374
932194074
932225441
932250357
932293390
932298996
932299100
932332523
932333597
932349671
932366460
932375826
932375915
932376725
932379805
932389673
932422999
932431084
932449501
932450135
932465981
932476304
932499983
932522284
932595648
932684411
932686988
932690187
932691280
932728982
932736845
932752352
932762994
932789647
932791919
932826542
932854538
932897458
932917556
932917823
932947609
932984040
932984156
932985012
933058689
933090337
933119580
933120457
933176061
933180832
933190455
933250148
933316122
933410870
933459047
933469670
933484785
933541959
933708357
933788296
933873927
934236114
934561031
935008050
935321425
936457843
936628281
936749666
936757499
936794025
937046154
937071604
937114184
937727267
937960336
939113509
939116524
939157158
940609135
941509029
941702546
942133111
942346255
942499558
942921934
942924593
943117942
943327971
943381313
943556849
945017023
945191244
945628162
945779233
946079391
947203819
947205307
947530402
947588370
947710478
948100509
948618079
948927608
948974843
950211989
950283548
950534281
950552980
950936908
951047562
951104000
951400858
951900834
951928194
952090542
952343785
952356666
952718908
952759086
952810693
952971352
953246317
953507749
953582805
954679543
956871484
957063772
957831109
958161964
958396783
958887310
958971273
959341583
959566526
959592403
959841470
960068424
960960831
961070147
961796415
961835097
961859271
962010407
962166903
963535848
963837704
964313385
964362297
964390762
964413223
964460914
964524009
964677867
964687455
964888035
965356150
965463593
965525467
965625771
965800778
966041323
966320621
966418133
966570857
966718412
966821035
966835087
966992859
967034681
967524514
967619388
967647497
967842303
968186477
968289152
968768514
968891413
970377158
970886710
970895507
970929428
970954708
970957758
970985182
971058110
971059575
971062185
971095059
971095822
971157313
971221771
971590351
974228297
974281007
974342138
974364042
974367017
974395983
974468468
974679329
975333620
975380637
975906566
976010795
976047818
976184807
976252829
976299167
976506561
976865529
976889908
976894804
976933222
976960823
976965043
977349990
977352622
977486890
977502314
977573076
978635288
978695817
979124236
979131224
979207824
979263120
979369867
979376456
979381034
979393776
979428642
979447957
979491190
979493665
979555660
979555776
979677685
979710828
979826346
979879407
979882998
979925700
979928483
980029441
980246981
980247074
980345009
980353060
980358240
980381951
980402797
980407667
980425193
980450317
980528081
980530329
980593797
980652998
980666743
980728307
980740595
980885216
980959821
980977005
981226747
981297113
981343239
981366417
981392213
981414365
981452046
981521293
981539877
981540042
981648420
981696336
981869877
981878345
981880196
981886976
981905512
981933206
981936132
981990196
981990269
982139171
982247144
982267633
982296080
982306604
982575044
982723019
982750342
982799864
982821622
982821886
982930863
982961580
982964806
983077374
983149065
983189636
983259235
983336175
983423019
983456642
983483364
983535097
983591531
983671071
983718043
983787924
983788580
983793932
983805183
983973361
983979734
984052634
984053754
984066325
984073399
984116764
984197071
984202040
984204507
984223757
984255330
984463065
984488629
984559720
984677359
984698119
984735804
984795777
984846924
984861109
984918844
985010196
985010625
985056617
985086613
985184933
985188939
985289239
985323135
985442320
985590613
985606641
985677581
985701598
985730369
985762198
985784507
985806217
985845557
985874549
985876665
985928800
985929785
985984158
986084703
986087958
986089942
986107495
986230084
986276092
986278761
986293728
986423834
986439226
986505636
986618600
986668950
986683348
986804684
986814795
986876502
986891897
986931945
987061774
987089989
987112859
987143398
987147873
987259981
987327170
987354526
987361719
987422645
987558180
987576898
987651067
987655917
987658312
987696532
987698810
987716487
987728116
987740485
987761717
987762748
987774649
987878037
987895969
987921927
988004006
988012432
988114855
988189022
988283002
988283193
988289140
988367508
988390747
988393711
988437433
988524999
988527610
988530573
988535923
988541478
988552119
988664200
988731374
988799122
988806420
988865656
988884782
988913219
988943150
988947148
989004603
989031724
989034421
989034448
989057413
989148664
989150669
989155059
989167545
989185624
989186493
989215396
989217615
989217887
989227254
989228269
989233483
989301756
989311077
989331671
989453580
989512560
989549480
989574019
989576313
989578634
989656716
989685414
989815571
989831275
989842315
989867091
989921142
989958216
990024235
990085919
990115206
990146322
990159580
990243824
990287198
990297983
990313822
990337071
990341257
990359067
990369437
990439494
990442045
990482322
990529280
990544700
990553939
990584648
990646333
990646341
990689628
990694850
990753482
990755523
990760039
990766274
990778957
990814651
990824401
990903603
990944679
990945942
990978484
990998094
991008748
991014543
991103376
991148108
991163778
991232737
991252304
991263020
991276254
991293523
991296476
991351396
991366687
991375082
991435026
991442960
991450777
991527796
991528520
991571353
991609563
991710450
991711937
991723439
991801081
991862838
991864792
991915842
991933034
991949216
992004592
992040009
992042451
992048093
992060727
992079754
992110953
992114983
992137347
992204567
992241608
992245743
992254467
992315261
992410531
992425059
992436778
992469374
992496630
992511915
992514639
992539496
992646675
992727934
992730552
992745150
992798424
992819871
992831316
992831669
992838329
992847565
992850612
992890002
992890517
992891408
992899948
992928743
992938250
992946636
993048658
993084077
993090514
993110981
993233552
993238600
993265888
993280356
993298239
993314072
993377945
993403172
993454605
993460265
993473863
993496421
993518336
993563226
993603023
993750506
993757411
993760536
993799998
993853488
993859540
993935190
993949620
994038702
994085220
994187848
994227173
994278746
994297392
994314696
994322125
994374354
994445073
994463799
994481169
994565559
994674129
994674439
994677497
994710265
994715208
994801848
994802585
994806602
994830848
994871048
994894730
994906135
994910361
994942468
994942689
994973266
995171910
995174782
995189291
995194465
995232456
995238004
995238314
995238772
995246953
995294745
995326329
995351587
995356341
995379023
995407809
995414864
995474808
995494639
995497212
995510502
995513358
995530929
995590050
995611236
995636824
995637502
995660806
995684624
995685396
995792311
995823349
995958783
995962373
995969289
996012476
996012670
996035506
996056244
996057410
996073505
996123243
996125580
996130703
996242609
996282317
996313328
996318532
996330168
996335623
996379469
996427048
996453928
996459772
996467317
996467597
996480739
996528243
996547531
996568857
996598322
996599779
996606252
996616525
996658619
996712222
996713792
996731464
996740439
996751627
996767493
996820912
996834816
996853705
996864898
996888932
996900525
996917142
996936996
996948048
996951162
996951952
996972798
997044258
997077652
997092198
997097378
997102924
997110927
997114183
997121368
997126270
997133579
997133706
997150740
997151178
997155750
997160339
997174593
997230094
997237633
997239849
997248899
997265815
997304357
997311159
997317394
997346491
997350677
997363922
997365011
997371771
997402634
997409647
997418263
997428072
997481801
997482344
997484347
997505018
997532074
997558510
997588762
997614739
997615506
997656547
997659910
997675886
997676335
997687361
997767276
997795598
997800354
997819950
997838041
997851323
997857526
997863305
997875877
997876385
997878248
997882334
997887778
997888057
997891848
997898656
997921089
997935675
997953541
997987012
997998219
997998820
998005612
998008727
998013232
998016517
998016967
998021324
998022312
998030072
998037077
998044685
998044898
998072204
998076145
998076676
998083990
998088003
998135702
998148057
998155754
998167051
998168457
998186315
998188792
998191467
998199662
998206634
998243416
998254035
998283752
998295661
998297915
998304520
998339804
998362652
998374707
998392675
998404894
998409764
998414032
998463777
998474981
998477654
998485002
998490111
998550947
998564689
998576237
998582733
998585635
998617065
998630916
998645999
998653908
998665140
998667917
998673763
998686504
998688442
998721652
998740053
998743397
998746752
998746892
998793459
998796938
998806747
998806925
998808235
998829461
998842506
998849845
998863376
998878292
998885515
998888891
998895928
998901081
998902096
998902800
998913179
998938953
999003338
999004563
999025196
999035833
999049311
999058930
999059945
999078109
999088481
999094384
999095194
999101658
999119840
999121551
999130704
999136575
999184413
999196535
999197574
999226477
999247873
999248861
999282156
999298753
999306225
999309542
999314147
999329756
999504736
999509819
999515525
999526357
999540368
999552609
999573428
999577571
999582311
999597491
999615902
999645593
999654592
999664245
999665373
