812025392
812064452
812186922
812580272
812899562
813086492
813150492
813239612
813332132
813422212
813573172
814049582
814087662
814907872
815011082
815025652
815212762
815554892
815748182
815755162
816334632
816580862
816636582
816643562
816694132
817036392
817195792
817337422
817340172
817554652
817575862
817665632
817778992
817849172
818047002
818107412
818585942
818746652
818840772
818851162
818947852
819247242
819325812
819380392
819439532
819601852
819602492
819823472
819834652
819881502
819956022
819982112
820072472
820125762
820244672
820315022
820418182
820439082
820466462
820648072
820870662
820878272
820882482
820951972
821090792
821242592
821344212
821589312
821675162
821742242
821759382
821846242
821864712
821972302
821995612
822114202
822139892
822387012
822435572
822585272
822767192
822847072
823049382
823111762
823176562
823212682
823225652
823437412
823552602
823627432
823671342
823770642
823789742
823809042
823848692
824056072
824299072
824317542
824412812
824451672
824477272
824575452
824690472
824700222
824780862
824784442
824791392
824925542
825178392
825295372
825310002
825325182
825326162
825373292
825529152
825547002
825566392
825597352
825628592
825662502
825767002
825781862
825794972
825827412
825833242
825900802
825929592
825980652
826048492
826105992
826350032
826350512
826351772
826382422
826386312
826506202
826524952
826565322
826565632
826603232
826623462
826735082
826799072
826887672
826924462
827001562
827009822
827055972
827089222
827128082
827160482
827174742
827199052
827207632
827213462
827262862
827271772
827329282
827402842
827430692
827515132
827532002
827572292
827609412
827643122
827659762
827684392
827694452
827731412
827829072
827859362
827866202
827902942
827991112
828127462
828166522
828234382
828343122
828463462
828489712
828513532
828573462
828673912
828764462
828775472
828818112
828880632
828909762
828951882
828958372
829008882
829023342
829037912
829125692
829160692
829161672
829193612
829382202
829534762
829826682
830372962
830676082
830741372
830792732
831044322
831163232
831189002
832344842
863594162
874784982
879137772
879960312
880523732
882957292
883814622
884069122
888957332
888962662
889645342
889699582
892067252
894818352
895287822
895435392
895718572
895771252
895958182
896188542
896754262
897026422
897180812
897466562
897722232
898029832
898176592
898693392
898800342
899025482
899298632
911605414
911673061
911694794
911721694
911729091
911740567
911744988
911765713
911772787
911783568
911814226
911871092
911879581
911917521
911984156
912053644
912080617
912102513
912104923
912154580
912165140
912174875
912198146
912198294
912207730
912259110
912259684
912262871
912325377
912330133
912371123
912371859
912377040
912377091
912390454
912429520
912453758
912454886
912478246
912509192
912512401
912530841
912587452
912598543
912601986
912618803
912645398
912662799
912663779
912664562
912672697
912702251
912719693
912722813
912760162
912767760
912817997
912838471
912839036
912849724
912853918
912855546
912855856
912971694
912979008
913019296
913022793
913077962
913078977
913123891
913124162
913144031
913147561
913165101
913180119
913184645
913225171
913231546
913298462
913308034
913352637
913359615
913391810
913394216
913442164
913451007
913459296
913505190
913507606
913517288
913520114
913542002
913551761
913551869
913555872
913623169
913623681
913653181
913681150
913688775
913717376
913739035
913752465
913810813
913816137
913865510
913881710
913901630
913912322
913934350
913938208
913941640
913971485
913978463
913983610
913984536
914003350
914014859
914018072
914063094
914086795
914141710
914154235
914184193
914189713
914232589
914234522
914290740
914309832
914318343
914335957
914360439
914416213
914417538
914419077
914420210
914447313
914458528
914467551
914534747
914547350
914556147
914563011
914572991
914573467
914576970
914601029
914602106
914615194
914621593
914635101
914719119
914775604
914791081
914819059
914820308
914823471
914861586
914883040
914895693
914938619
914940710
914970288
914974399
914975980
914998352
915017797
915041833
915049052
915055982
915061230
915068502
915093248
915143563
915162193
915175244
915234658
915234917
915278337
915280277
915284213
915299172
915342280
915345344
915350089
915374700
915380360
915415857
915417086
915426875
915445403
915445713
915472141
915479391
915486347
915512747
915535240
915560687
915567738
915578187
915581080
915619320
915626238
915633889
915643337
915655742
915657613
915660223
915661602
915672809
915698239
915698352
915711502
915714137
915728057
915750745
915766137
915769977
915796699
915799620
915804608
915807763
915829201
915842909
915846858
915887872
915890083
915908268
915916503
915931545
915946712
915951643
915965741
916000383
916069723
916103832
916104022
916155484
916161506
916178344
916186134
916230435
916245750
916253486
916278667
916282591
916297459
916300999
916318413
916319843
916327145
916334494
916339313
916341415
916347243
916349874
916470150
916471017
916472560
916511809
916535554
916538111
916564090
916648502
916667663
916682301
916697155
916707894
916710275
916740107
916774656
916806418
916847254
916858280
916882130
916901828
916935617
916945566
916954298
916979185
917007462
917030197
917078661
917097038
917097593
917102848
917103607
917156271
917179344
917184992
917195730
917202524
917203474
917207909
917244588
917262519
917289980
917301883
917309078
917324050
917338310
917345457
917352127
917361533
917366799
917406154
917409099
917411182
917425299
917428417
917443068
917448027
917480141
917494452
917517312
917524440
917525668
917552037
917557519
917563403
917564582
917565600
917569010
917580375
917607931
917626413
917635544
917694842
917719101
917749566
917768846
917785406
917790558
917796955
917798184
917820740
917835217
917852731
917899967
917929599
917960372
917960410
917974632
917974942
917995478
918000577
918001999
918013474
918024352
918027661
918046658
918082190
918089497
918094911
918121765
918122729
918123571
918123881
918129863
918135510
918141588
918146636
918160434
918166726
918167293
918168931
918197583
918272372
918286918
918288287
918303286
918306110
918309985
918320377
918322086
918336206
918348131
918394311
918394745
918469540
918469583
918489231
918490493
918494863
918507752
918514457
918521003
918559272
918577661
918579184
918581669
918591338
918597646
918615970
918618112
918620931
918631453
918658165
918664238
918687300
918699074
918701052
918710523
918711902
918715584
918719016
918721681
918747753
918754857
918762035
918764720
918813454
918815872
918819037
918822798
918828249
918829415
918830707
918843639
918882979
918883282
918888365
918910980
918984895
918985247
919024909
919028815
919042559
919058099
919058277
919060778
919084340
919098287
919110864
919118997
919145463
919156368
919166827
919170883
919191570
919201908
919213647
919214066
919217103
919229470
919267933
919277653
919279842
919285001
919296941
919298081
919299835
919305010
919315296
919337141
919366435
919370319
919387769
919389265
919390751
919394706
919395397
919399449
919416327
919416963
919418524
919420499
919423137
919437588
919459344
919475293
919477881
919496061
919502940
919527463
919563494
919565616
919571314
919577878
919580313
919611022
919623381
919650842
919653469
919654104
919664738
919674601
919706686
919723882
919724625
919729988
919734302
919739649
919746122
919749040
919750634
919752610
919757507
919758848
919765267
919765380
919785632
919803495
919811781
919823720
919854510
919857552
919864117
919864214
919866950
919870907
919871067
919881127
919893508
919894156
919894180
919910895
919919507
919932341
919932457
919939923
919942274
919954965
919983361
919983825
920049729
920063144
920063934
920072763
920138810
920143245
920152163
920175007
920192947
920202640
920203078
920205585
920232612
920249744
920271154
920271596
920277675
920295002
920314740
920319289
920328830
920331459
920345921
920346367
920351700
920370187
920377017
920382886
920397107
920401244
920406149
920415121
920416667
920432328
920441696
920463649
920471056
920475027
920476430
920476937
920488528
920492452
920492517
920500056
920504906
920510620
920547397
920567851
920568750
920589863
920596657
920602533
920647413
920653642
920662528
920675468
920685153
920695329
920700721
920731554
920741819
920742319
920747329
920747973
920771726
920801021
920804349
920811213
920813178
920830390
920839215
920841996
920843484
920843522
920846912
920852858
920868657
920875947
920884458
920887007
920889948
920895662
920896146
920904297
920919839
920929222
920937500
920941486
920970664
921020147
921021828
921026684
921029896
921037724
921042752
921056621
921059051
921059345
921070292
921094671
921127596
921153570
921172850
921190328
921195958
921200250
921208413
921216653
921218036
921226497
921229321
921244576
921251475
921267592
921267959
921268599
921271093
921277040
921289855
921293550
921295693
921311680
921312172
921313594
921350821
921352263
921361114
921361564
921365462
921368496
921379315
921387377
921397380
921397674
921403518
921403542
921403836
921404905
921416601
921423004
921432364
921441274
921442173
921452896
921461119
921468660
921479638
921486359
921492227
921534841
921538340
921542011
921567642
921576625
921581742
921584008
921587643
921593031
921609450
921634382
921634706
921635680
921636016
921664516
921679424
921693362
921695470
921697244
921707762
921708750
921715927
921717466
921726570
921732732
921766629
921767471
921784562
921787243
921788908
921792425
921803753
921808984
921809603
921811683
921857802
921864191
921889755
921895496
921903073
921968191
921986009
921996004
921996772
922020493
922038449
922047189
922047537
922068135
922077339
922085595
922087822
922103860
922107432
922113017
922122768
922134375
922140103
922146691
922164304
922164487
922176809
922179093
922183007
922198640
922203687
922211752
922216886
922217645
922218366
922221383
922229589
922236860
922240167
922257027
922257787
922260257
922264902
922266522
922290539
922303053
922321264
922321892
922339600
922345627
922356351
922372128
922381968
922386706
922393613
922393850
922393982
922397007
922433224
922433380
922546738
922557918
922558124
922564477
922568588
922582564
922586357
922592624
922594260
922599270
922600163
922600953
922602220
922605890
922609144
922614202
922625921
922626286
922628769
922635447
922639728
922640645
922641153
922673802
922676089
922689938
922694753
922698996
922703442
922703809
922704716
922708797
922720452
922736766
922740860
922750068
922754020
922758921
922759138
922761000
922795800
922796092
922797099
922821631
922821828
922827338
922829780
922833982
922835403
922845026
922845956
922864756
922919232
922920060
922934711
922935637
922936374
922940444
922954674
922970920
922995087
923019286
923030867
923031626
923053883
923075984
923082166
923084622
923087206
923116117
923116494
923126929
923141480
923152024
923153217
923161732
923169830
923181563
923187197
923207953
923208356
923212590
923219889
923220518
923222022
923243186
923243860
923261435
923268197
923273441
923312323
923315551
923316663
923323937
923324615
923350462
923357777
923367101
923369880
923370846
923387714
923398724
923402608
923419659
923422587
923423664
923426906
923428631
923457216
923458999
923472533
923474919
923533575
923534644
923574433
923578072
923580735
923580786
923580808
923580832
923588868
923622004
923632182
923658424
923669183
923700862
923702725
923703497
923738401
923756051
923784551
923800360
923804110
923809228
923818863
923824812
923825304
923826041
923833498
923833501
923846743
923851763
923853553
923853588
923855157
923855327
923864237
923884203
923887156
923932828
923945407
923951601
924000031
924002050
924004665
924029900
924040432
924045906
924062274
924202807
924205369
924211342
924283203
924288647
924307188
924308443
924313242
924329092
924351381
924360151
924368144
924375108
924389176
924403489
924421061
924421894
924422661
924427418
924428619
924429097
924437421
924441798
924445041
924455993
924463554
924480742
924484454
924486112
924491094
924505524
924509724
924519592
924520388
924527749
924528192
924532327
924547936
924548231
924548266
924549130
924549475
924554088
924563486
924569093
924577959
924596538
924596791
924597550
924598670
924631449
924636548
924648899
924651148
924662115
924662123
924665408
924680601
924681373
924690097
924690399
924699698
924706988
924708646
924718080
924724285
924726474
924727659
924728973
924730056
924750367
924759488
924763973
924764163
924767367
924777214
924782307
924784253
924790768
924792256
924810025
924810904
924811544
924823542
924823569
924824948
924831707
924843136
924845414
924845473
924859717
924860413
924862599
924867590
924868724
924868945
924869690
924900741
924911476
924911514
924913827
924914947
924921919
924932511
924939567
924945567
924950234
924964499
924964685
924975725
924985062
924985607
925003360
925004073
925009253
925009717
925018007
925028126
925029351
925043435
925054879
925067334
925068349
925072095
925093505
925097543
925099503
925103268
925118524
925136271
925140287
925140406
925145157
925145386
925145947
925148288
925148474
925148709
925152749
925155691
925177083
925177652
925181382
925182400
925195677
925200743
925202444
925207225
925217263
925217336
925223840
925224405
925224642
925237760
925239429
925250953
925255777
925259829
925261815
925269115
925269581
925272353
925284823
925291560
925306223
925310719
925315427
925329282
925330337
925332151
925337021
925348708
925356905
925359777
925361097
925362646
925368725
925376000
925379476
925386170
925386863
925395331
925399779
925400378
925402117
925402214
925402818
925403822
925417068
925424757
925428612
925447072
925459593
925460141
925472700
925475017
925488909
925490628
925495913
925500119
925500178
925501042
925502014
925503495
925504041
925510874
925512079
925520403
925522287
925533157
925541826
925541869
925545791
925546313
925554332
925559938
925566659
925572772
925573175
925582751
925582875
925591769
925602701
925610283
925610399
925631132
925635561
925655503
925668885
925669040
925676330
925677272
925680532
925684643
925687146
925688363
925696269
925698334
925699624
925700770
925700975
925701440
925715441
925715719
925718971
925720534
925723487
925732052
925734047
925737739
925738387
925740047
925741302
925748188
925751138
925756091
925761311
925768618
925782831
925782955
925787078
925802948
925803219
925804045
925808547
925815144
925817368
925819697
925820997
925828459
925831352
925836931
925848719
925849944
925850268
925851515
925855448
925874922
925876488
925878448
925884294
925893447
925893463
925893625
925896780
925896799
925897787
925897825
925898198
925901245
925904554
925905208
925913618
925923109
925923346
925924547
925925497
925927163
925934348
925937622
925945749
925947296
925953024
925967955
925977322
925987778
925993352
925994847
926009257
926010182
926010328
926019791
926040022
926046012
926069217
926074547
926078682
926085492
926085972
926089102
926099663
926101013
926101129
926101927
926109200
926113135
926123572
926132261
926136208
926152114
926155733
926156357
926177745
926177958
926178717
926182943
926186434
926186450
926193023
926201654
926201867
926271881
926277979
926294245
926303619
926312731
926328417
926337173
926349759
926359150
926372297
926377035
926378252
926381784
926382047
926388681
926388959
926389696
926391224
926408941
926419110
926420917
926424289
926425234
926431595
926431994
926433938
926439995
926446045
926446878
926448064
926450026
926451375
926453882
926459538
926461923
926470825
926472984
926473174
926473360
926475274
926489755
926492748
926503782
926506153
926522736
926525212
926526014
926541773
926544241
926544462
926548689
926565656
926571524
926577778
926578413
926583018
926583816
926584790
926585843
926585886
926596365
926602993
926612492
926613502
926624431
926626701
926640275
926642952
926643649
926645188
926645757
926656430
926664050
926665308
926674633
926674684
926677322
926677837
926707329
926707434
926707949
926713795
926725122
926732609
926735217
926743619
926744534
926767860
926773976
926789031
926789694
926800183
926800949
926808117
926808532
926808796
926809741
926810111
926816608
926818120
926827251
926828177
926836919
926837141
926844547
926848186
926849603
926851896
926861093
926861484
926867032
926868454
926874152
926875388
926876023
926885006
926886096
926887769
926904221
926918125
926942239
926960490
926969269
926969331
926969390
926969439
926970739
926977415
927010526
927011166
927018454
927019434
927020181
927020998
927025841
927026198
927035979
927049198
927055902
927057654
927064707
927082977
927084139
927089238
927094487
927100967
927102749
927110644
927111004
927127466
927128292
927128357
927135132
927136279
927140152
927141930
927142228
927143798
927146436
927149850
927162628
927168367
927168596
927168839
927169460
927172305
927173549
927178788
927179679
927187388
927189771
927190796
927197960
927207834
927209217
927211556
927212013
927215896
927222647
927225751
927232707
927239132
927240904
927259346
927267950
927274841
927277484
927280361
927282852
927299437
927299739
927301342
927303442
927307766
927330849
927341409
927346540
927361450
927370751
927377330
927378906
927381559
927383160
927386135
927386356
927402998
927404346
927405083
927411695
927417839
927422689
927428482
927428768
927429004
927436698
927437198
927440644
927442078
927449455
927462168
927464004
927465191
927467275
927470632
927472589
927472988
927473453
927482118
927484145
927485451
927489449
927495449
927503778
927508443
927515377
927517051
927524775
927525186
927526832
927534606
927535289
927536005
927538903
927549581
927558963
927559390
927567172
927572494
927576198
927586037
927594315
927608987
927614022
927615967
927629658
927630060
927632004
927634791
927635895
927638312
927648784
927655497
927656434
927657929
927659921
927660318
927667800
927668920
927669307
927694956
927696878
927707780
927707896
927707934
927707942
927708035
927708663
927708981
927712008
927719444
927731738
927732602
927733862
927762102
927768178
927779811
927780348
927782081
927794284
927796376
927796538
927803062
927804824
927805154
927808625
927809389
927810468
927810719
927811022
927816377
927817578
927826712
927829398
927829533
927829800
927834308
927842157
927843315
927859599
927864479
927864525
927864762
927866757
927867834
927872560
927872803
927878682
927879034
927887339
927887878
927891964
927899876
927903830
927904950
927905256
927905752
927906651
927907569
927919729
927919885
927922843
927933926
927936178
927936666
927936674
927938057
927941074
927944863
927953943
927953994
927961148
927967898
927968118
927971224
927981823
927985268
927990830
927996847
927996863
928000729
928008479
928012905
928018997
928019306
928027023
928034313
928036243
928037282
928038491
928038750
928049515
928050718
928051870
928053342
928053474
928053741
928057690
928069133
928073408
928074706
928075176
928085112
928087255
928095061
928100251
928100944
928107361
928111156
928111377
928120023
928122247
928124622
928128881
928129241
928131696
928139727
928149838
928152316
928152790
928152936
928155285
928158462
928166511
928167097
928167275
928167283
928167402
928174077
928174131
928177378
928178137
928197603
928225291
928228207
928232581
928232972
928234940
928235890
928240673
928257045
928264505
928267555
928277380
928277631
928279839
928293033
928297403
928303012
928303268
928307433
928307824
928308316
928311783
928318931
928319148
928322173
928322246
928323641
928324265
928325105
928329267
928334252
928340589
928341496
928341852
928342263
928343685
928357538
928411125
928414515
928414833
928416585
928417069
928429725
928454096
928463206
928463621
928467600
928468755
928469816
928471578
928472817
928489698
928502139
928508447
928514447
928517934
928520536
928520986
928521621
928529991
928543099
928547582
928553612
928562786
928567605
928567729
928582108
928596397
928604047
928604500
928606805
928618498
928624722
928634531
928634930
928635651
928636968
928652254
928652416
928654907
928656829
928658414
928659860
928660001
928660044
928663280
928666743
928670309
928671739
928675289
928676005
928696634
928699013
928706656
928718824
928719928
928738019
928746429
928764966
928773515
928774848
928775089
928775941
928780139
928781666
928785653
928792692
928794210
928808033
928827240
928833887
928834522
928842053
928843394
928844021
928844722
928845192
928845699
928847098
928848809
928850471
928854515
928858413
928867072
928869148
928870146
928882306
928882713
928883329
928896218
928899020
928906949
928910555
928912760
928920658
928921352
928924599
928924661
928926931
928932729
928932818
928940217
928941167
928949877
928950948
928951723
928951782
928959252
928960005
928963373
928965457
928967026
928970833
928972488
928978400
928981339
928982521
928992012
928994813
928994902
929009738
929023390
929024273
929029585
929031202
929035860
929043855
929046218
929047753
929048741
929048822
929049039
929055845
929057740
929057945
929058062
929060849
929064836
929065905
929074335
929074475
929082451
929082567
929082664
929090748
929090756
929091604
929094999
929096568
929106342
929122925
929125126
929133218
929134893
929149742
929150678
929155882
929160045
929164679
929164687
929165160
929165489
929181255
929201736
929205731
929206371
929208366
929214153
929224590
929229630
929233719
929236076
929241762
929243552
929244168
929247221
929254643
929264347
929265815
929285417
929289595
929289951
929292367
929295897
929305361
929317076
929327055
929329473
929331605
929333829
929334531
929338146
929350278
929355172
929364945
929371534
929382293
929389433
929398270
929408500
929413024
929418093
929418115
929432320
929438310
929443152
929444361
929454820
929456106
929456777
929460723
929460839
929463005
929471253
929479378
929481348
929486420
929493230
929495438
929501098
929512928
929520289
929530403
929535251
929544501
929544986
929545354
929545796
929545907
929578384
929578465
929583434
929584120
929587278
929593766
929597087
929606957
929612655
929659562
929672275
929681088
929696085
929780248
929780590
929782089
929785398
929788583
929827619
929989139
930009695
930043907
930069086
930094129
930113662
930162698
930163708
930181161
930183466
930209201
930236861
930350303
930465194
930469483
930477796
930524964
930610674
930620580
930671088
930735353
930736724
930816140
930844837
931046713
931076191
931114778
931120212
931121227
931189042
931189050
931189093
931247727
931398180
931594524
931749668
931894935
931919741
932162024
932685469
933134458
933244431
933493555
935566754
935913993
936626416
939317481
941223451
941927599
942965583
943097674
944914668
945822295
947789317
950235608
951726087
953608014
954738035
956306108
956796237
957142184
958406541
958608659
959431744
961420946
964767939
964970300
967355496
968056298
968116851
968659871
968677470
968727990
968867490
970926399
970974857
971055057
971220252
971596910
971651822
975777146
975778002
975913333
975963500
976790111
976949706
977085349
977089182
977385415
977388147
977473691
977540038
978615236
978624073
978666426
979250304
979671679
979683308
979731027
980399710
980417832
980477002
980504204
980519856
980618919
980711013
980801055
980851133
981309294
981313097
981397525
981411889
981446569
982183774
982206251
982212715
982225361
982609097
982727219
982786428
983058892
983949487
984114443
984206593
984337922
984518390
984579861
984595999
984896476
984990820
985194475
985211590
985562490
985671370
986547843
986902694
986938370
986960767
987009314
987047593
987334436
987495529
987522178
987578939
987597313
987733187
987980966
987993790
988024325
988041890
988395196
988488305
988556416
988600105
988701866
988788538
988816353
988914754
988918474
988950009
988970735
989009044
989015664
989031759
989062735
989104713
989120158
989132946
989155830
989166069
989168770
989171054
989183281
989217917
989274066
989307606
989321862
989364251
989433695
989491938
989529676
989603078
989666495
989723820
989815806
989861972
989941798
990031371
990035857
990171076
990181853
990313431
990344337
990431671
990494851
990512655
990523002
990652716
990688478
990751188
990753105
990778329
991021116
991056092
991164707
991199292
991237542
991393536
991416668
991645020
991659390
991677402
991701559
991719229
991843116
991844732
991868550
991877479
991910328
992017414
992037709
992073934
992079916
992269529
992372516
992578734
992590475
992646667
992738138
992827610
992847352
992975040
993047724
993057177
993162183
993461415
993589101
993758426
993844292
993909629
994153552
994203665
994276980
994322621
994387650
994460498
994485962
994577913
994657038
994745212
994860364
994894048
994939777
995121778
995277247
995337770
995377950
995452057
995519739
995555131
995605503
995669838
995706083
995825015
996001997
996021831
996068439
996119157
996187438
996200469
996220443
996236722
996319172
996329151
996329410
996387038
996439615
996494497
996643700
996692272
996718514
996860841
997014138
997034252
997081293
997097327
997134486
997221826
997264053
997269373
997274466
997276027
997317726
997348400
997420004
997446046
997628276
997628594
997687191
997718283
997800524
997806247
997883608
997885686
997901061
997929977
997932153
997947193
998010896
998041090
998053463
998065798
998081637
998091705
998179254
998247551
998321913
998387639
998443237
998478871
998496985
998503396
998545986
998554047
998558018
998563615
998578671
998585295
998593778
998594308
998600731
998620643
998673585
998682754
998712831
998735009
998745853
998746760
998748704
998755980
998779316
998796202
998823315
998842662
998846846
998874580
998903319
998903637
998911095
998929768
998993075
998995329
999033008
999054455
999074154
999092659
999109810
999114687
999120636
999146392
999247318
999250009
999251994
999258220
999291937
999315364
999331882
999526497
999553451
999555365
999563694
999571867
999630952
999647804
